4.481643083879902	-3.1012418442825296
2.7437422988939266	-2.139035872633039
3.8716065297267512	-3.372996945711901
-1.1870955072224776	3.057071538828815
4.551337941902885	-5.8201760207952855
3.2272720879417642	-2.732553990989264
-1.4773985920876993	2.644221178798852
1.244650152448277	-2.2035508490470943
-2.2741535458710036	4.7159255955970005
-4.65625513371194	3.4132815835074246
-3.7974382383072625	4.074727348572123
-4.1553070927089495	3.8589218600559887
3.8597822088709917	-3.526793669551907
-3.090131581036397	4.246219426627775
4.066910782071606	-2.9625139552340047
-5.7777861411244595	5.397132271554172
2.05960392919599	-2.911422233339549
-2.401694593521028	1.9841833231901682
-3.8942845231135648	2.342206632275649
2.8802432476424698	-2.6962765204174484
